1	1	1	0	2	0	#Programa
2	1	4	0	3	0	#Iden
3	1	14	0	4	0	#	;
4	0	2	0	5	0	#	block
5	1	12	0	0	0	#	.
6	1	31	14	7	0	#var
7	1	4	0	8	0	#Iden
8	1	13	10	9	0	#	,
9	1	4	0	8	0	#	Iden
10	1	15	0	11	0	#	:
11	0	3	0	12	0	#Type
12	1	14	0	13	0	#	;
13	1	4	6	8	0	#IDEN
14	1	29	0	15	0	#Inicio
15	0	4	0	16	0	#statm
16	1	14	17	15	0	#	;
17	1	30	0	0	0	#fim
18	1	32	19	0	0	#inteiro
19	1	33	0	20	0	#cadeia
20	1	24	0	21	0	#	[
21	1	2	0	22	0	#NUMB
22	1	13	23	21	0	#	,
23	1	25	0	24	0	#	]
24	1	41	0	25	0	#	de
25	0	3	0	0	0	#type
26	1	5	29	27	0	#VAIDEN
27	1	28	0	28	0	#:=
28	0	5	0	0	0	#expr
29	1	42	35	30	0	#PRIDEN
30	1	22	34	31	0	#	(
31	0	5	0	32	0	#expr
32	1	13	33	31	0	#	,
33	1	23	0	0	0	#	)
34	1	43	0	0	0	#lambda
35	1	29	39	36	0	#inicio
36	0	4	0	37	0	#statm
37	1	14	38	36	0	#	;
38	1	30	0	0	0	#	fim
39	1	37	46	40	0	#	se
40	0	5	0	41	0	#	expr
41	1	38	0	42	0	#	entao
42	0	4	0	43	0	#	statm
43	1	39	45	44	0	#	senao
44	0	4	0	45	0	#statm
45	1	43	0	0	0	#lambda
46	1	35	0	47	0	#enquanto
47	0	5	0	48	0	#expr
48	1	36	0	49	0	#faca
49	0	4	0	0	0	#statm
50	0	6	0	51	0	#siexpr
51	1	11	53	52	0	#	=
52	0	6	0	0	0	#siexpr
53	1	18	54	52	0	#	<
54	1	21	55	52	0	#	>
55	1	17	56	52	0	#	<>
56	1	20	57	52	0	#	>=
57	1	19	0	52	0	#	<=
58	1	6	63	59	0	#	+
59	0	7	0	60	0	#	term
60	1	6	61	59	0	#	+
61	1	8	62	59	0	#	-
62	1	44	0	59	0	#	ou
63	1	8	59	59	0	#	-
64	0	8	0	65	0	#factor
65	1	9	66	64	0	#	*
66	1	10	67	64	0	#	/
67	1	45	68	64	0	#	div
68	1	46	69	64	0	#	mod
69	1	47	0	64	0	#	e
70	1	48	71	0	0	#	COIDEN
71	1	2	72	0	0	#	NUMB
72	1	49	73	0	0	#	STRING
73	1	5	74	0	0	#	VAIDEN
74	1	22	77	75	0	#	(
75	0	5	0	76	0	#	expr
76	1	23	0	0	0	#	)
77	1	50	0	78	0	#	nao
78	0	8	0	0	0	#	factor